Dissimilarity: 3.8180402010050836
Homogeneity: 0.7575574325614228
Contrast: 72.46979899497387
ASM: 0.3868249750637377
Energy: 0.621952550492188
