Dissimilarity: 3.822512562814097
Homogeneity: 0.7583617896662533
Contrast: 72.85668341708548
ASM: 0.3701982762430216
Energy: 0.6084392132686893
