Dissimilarity: 3.7048241206030026
Homogeneity: 0.7779679661050771
Contrast: 75.61226130653237
ASM: 0.3897773200171692
Energy: 0.6243214877105938
