Dissimilarity: 3.826432160804008
Homogeneity: 0.760526678769511
Contrast: 73.36467336683386
ASM: 0.3807216326607829
Energy: 0.6170264440530754
