Dissimilarity: 3.772562814070423
Homogeneity: 0.7716535129593609
Contrast: 75.47899497487168
ASM: 0.38741810655031195
Energy: 0.6224291980220015
