Dissimilarity: 4.076834170854238
Homogeneity: 0.7536873986609672
Contrast: 81.99467336683409
ASM: 0.36880630129288894
Energy: 0.6072942460561346
