Dissimilarity: 3.7073366834171138
Homogeneity: 0.7592743872458723
Contrast: 68.01678391959827
ASM: 0.3532775816898454
Energy: 0.5943715855337008
