Dissimilarity: 3.76678391959802
Homogeneity: 0.7623612020062734
Contrast: 71.7905527638166
ASM: 0.37340055648844656
Energy: 0.6110651000412693
