Dissimilarity: 3.8268341708542626
Homogeneity: 0.7628925826638295
Contrast: 73.8978391959798
ASM: 0.3765478535895487
Energy: 0.6136349514080409
