Dissimilarity: 3.8334673366834
Homogeneity: 0.762199910934258
Contrast: 73.86447236180882
ASM: 0.3671919983081165
Energy: 0.6059636938861243
