Dissimilarity: 4.271658291457173
Homogeneity: 0.7387653153779007
Contrast: 83.11206030150257
ASM: 0.22458775535967934
Energy: 0.47390690579446015
