Dissimilarity: 4.228542713567789
Homogeneity: 0.7311202311107436
Contrast: 78.43608040200866
ASM: 0.21401024500643004
Energy: 0.4626124133726094
