Dissimilarity: 4.350402010050239
Homogeneity: 0.7024109265827292
Contrast: 75.73216080402013
ASM: 0.19028560326759253
Energy: 0.4362173807490854
