Dissimilarity: 4.2412562814069235
Homogeneity: 0.7367831071851136
Contrast: 81.53261306532231
ASM: 0.24166562934014357
Energy: 0.4915949850640704
