Dissimilarity: 4.235477386934563
Homogeneity: 0.7348795587234318
Contrast: 79.33060301507099
ASM: 0.2306852298552825
Energy: 0.4802970225342673
