Dissimilarity: 4.228643216080339
Homogeneity: 0.740973313906218
Contrast: 80.23170854271227
ASM: 0.21823402786544432
Energy: 0.4671552502813645
