Dissimilarity: 4.117688442210997
Homogeneity: 0.7520582590284928
Contrast: 80.57346733667956
ASM: 0.24890362080500827
Energy: 0.4989024161146228
