Dissimilarity: 4.22864321608044
Homogeneity: 0.7191011185494376
Contrast: 74.95195979899572
ASM: 0.19246906896290844
Energy: 0.4387129687653517
