Dissimilarity: 4.228643216080344
Homogeneity: 0.7322991761124913
Contrast: 79.04899497487314
ASM: 0.2023662937804475
Energy: 0.449851413002613
