Dissimilarity: 4.393366834170708
Homogeneity: 0.7092956415920428
Contrast: 79.7096984924576
ASM: 0.21320766615738826
Energy: 0.46174415660340334
