Dissimilarity: 3.100804020100545
Homogeneity: 0.7879082118710485
Contrast: 55.99030150753716
ASM: 0.4061394854296372
Energy: 0.6372907385406108
