Dissimilarity: 2.8912060301507836
Homogeneity: 0.8036381802313699
Contrast: 52.39708542713528
ASM: 0.4401970177520604
Energy: 0.6634734491688875
