Dissimilarity: 3.2539698492462326
Homogeneity: 0.7776870084767713
Contrast: 58.7535175879393
ASM: 0.39000584644325725
Energy: 0.6245044807231228
