Dissimilarity: 3.019849246231173
Homogeneity: 0.7826579242410804
Contrast: 51.791909547738456
ASM: 0.40222482449936525
Energy: 0.6342119712677815
