Dissimilarity: 3.1636180904522866
Homogeneity: 0.7898196567772849
Contrast: 58.349396984923956
ASM: 0.3805022931870188
Energy: 0.616848679326639
