Dissimilarity: 3.2841206030151113
Homogeneity: 0.7792575911466334
Contrast: 60.06457286432123
ASM: 0.39668505372337176
Energy: 0.6298293846140967
