Dissimilarity: 3.1591959798995704
Homogeneity: 0.7924664986068787
Contrast: 60.01738693467262
ASM: 0.40913010530034777
Energy: 0.639632789419326
