Dissimilarity: 2.923517587939729
Homogeneity: 0.8028206500442461
Contrast: 53.33206030150725
ASM: 0.42836504759978394
Energy: 0.6544960256562173
