Dissimilarity: 2.7727135678392125
Homogeneity: 0.8155165411448095
Contrast: 51.05592964824059
ASM: 0.4197596604252192
Energy: 0.6478886172986984
