Dissimilarity: 2.9027135678392257
Homogeneity: 0.8019581171674866
Contrast: 52.58628140703445
ASM: 0.43006866872046684
Energy: 0.6557962097484757
