Dissimilarity: 4.390552763819045
Homogeneity: 0.747275078894366
Contrast: 91.05628140703307
ASM: 0.2838334120350333
Energy: 0.5327601824789774
