Dissimilarity: 4.356783919597976
Homogeneity: 0.7553503806336481
Contrast: 91.08286432160756
ASM: 0.2967402070023394
Energy: 0.5447386593609264
