Dissimilarity: 4.390351758793929
Homogeneity: 0.7592662382148361
Contrast: 94.70783919597854
ASM: 0.30966669465416313
Energy: 0.5564770387483774
