Dissimilarity: 4.356482412060362
Homogeneity: 0.7443605883506774
Contrast: 86.98979899497469
ASM: 0.2615804503042891
Energy: 0.5114493624048124
