Dissimilarity: 4.3928140703517045
Homogeneity: 0.7667594827492504
Contrast: 99.39361809045079
ASM: 0.3174772979217505
Energy: 0.5634512382822053
