Dissimilarity: 4.3925628140702795
Homogeneity: 0.7791052228557984
Contrast: 104.32316582914339
ASM: 0.3245331137471081
Energy: 0.5696780790473758
