Dissimilarity: 4.356783919597954
Homogeneity: 0.7565672484097601
Contrast: 92.01849246230957
ASM: 0.27308527088960866
Energy: 0.5225756126051125
