Dissimilarity: 4.356783919598053
Homogeneity: 0.7442141873670021
Contrast: 86.96603015075365
ASM: 0.266896470417418
Energy: 0.5166202381028234
