Dissimilarity: 4.349597989949749
Homogeneity: 0.7568289156672944
Contrast: 92.68964824120435
ASM: 0.3444429143203307
Energy: 0.5868925918090385
