Dissimilarity: 4.391859296482399
Homogeneity: 0.7611716402284912
Contrast: 95.19341708542618
ASM: 0.3252362894876293
Energy: 0.5702949144851541
