Dissimilarity: 3.292763819095501
Homogeneity: 0.7640580483214192
Contrast: 53.752663316581334
ASM: 0.2648901047321855
Energy: 0.5146747562608696
