Dissimilarity: 3.186482412060304
Homogeneity: 0.7945381336622859
Contrast: 57.345477386934675
ASM: 0.2916356114744585
Energy: 0.5400329725808032
