Dissimilarity: 3.068040201005047
Homogeneity: 0.7966881436008477
Contrast: 52.373718592965105
ASM: 0.27053728125552395
Energy: 0.5201319844573337
