Dissimilarity: 3.284572864321602
Homogeneity: 0.7889361633359845
Contrast: 59.15542713567727
ASM: 0.2965794102421488
Energy: 0.5445910486246985
