Dissimilarity: 3.1279899497487564
Homogeneity: 0.7870534280719469
Contrast: 54.68974874371881
ASM: 0.3179805434206121
Energy: 0.5638976355870027
