Dissimilarity: 2.9123618090452292
Homogeneity: 0.7938789491153909
Contrast: 46.47422110552697
ASM: 0.2661363863917481
Energy: 0.5158840823205811
