Dissimilarity: 3.286783919598008
Homogeneity: 0.7930797906520611
Contrast: 61.52407035175679
ASM: 0.31916646833411133
Energy: 0.5649481996910083
