Dissimilarity: 3.0716080402010015
Homogeneity: 0.7857661083911489
Contrast: 49.486683417084585
ASM: 0.2505558609630978
Energy: 0.5005555523247123
