Dissimilarity: 3.1632663316582903
Homogeneity: 0.7857876679307243
Contrast: 53.255829145727624
ASM: 0.25814524065047284
Energy: 0.5080799549780259
