Dissimilarity: 3.3827638190954796
Homogeneity: 0.7603109756475182
Contrast: 55.57432160803839
ASM: 0.26532888847502145
Energy: 0.5151008527220873
