Dissimilarity: 2.941407035175906
Homogeneity: 0.791596240564939
Contrast: 47.32206030150787
ASM: 0.35509993245120036
Energy: 0.5959026199398694
