Dissimilarity: 2.9421608040201304
Homogeneity: 0.7969369830941664
Contrast: 47.55824120603046
ASM: 0.3290876148960874
Energy: 0.5736615856897579
