Dissimilarity: 2.7954773869346825
Homogeneity: 0.817220901212008
Contrast: 47.893115577888885
ASM: 0.36438469293702863
Energy: 0.6036428521377758
