Dissimilarity: 2.8163819095477507
Homogeneity: 0.8040972050768158
Contrast: 45.35396984924644
ASM: 0.343127203227191
Energy: 0.5857706063188823
