Dissimilarity: 2.774371859296477
Homogeneity: 0.8200358360629396
Contrast: 49.9695477386932
ASM: 0.3774656233428317
Energy: 0.6143823104084555
