Dissimilarity: 2.6821105527638136
Homogeneity: 0.8316644868363293
Contrast: 49.15778894472298
ASM: 0.37705463498395064
Energy: 0.6140477465018096
