Dissimilarity: 2.9414070351758834
Homogeneity: 0.7905141965260102
Contrast: 46.823015075376944
ASM: 0.3324880842655477
Energy: 0.5766177973888317
