Dissimilarity: 2.8140201005024683
Homogeneity: 0.7922235847528779
Contrast: 44.52603015075275
ASM: 0.3246399071361666
Energy: 0.5697718026860987
