Dissimilarity: 2.926281407035179
Homogeneity: 0.8085377532043132
Contrast: 52.40030150753745
ASM: 0.36074802782756926
Energy: 0.6006230330478255
