Dissimilarity: 2.9244723618090673
Homogeneity: 0.8231422241014146
Contrast: 56.09718592964721
ASM: 0.37715699950756876
Energy: 0.6141310930962287
