Dissimilarity: 3.8688442211055
Homogeneity: 0.7722922093708352
Contrast: 79.94819095477264
ASM: 0.33367912173933784
Energy: 0.5776496531110685
