Dissimilarity: 3.8986934673367246
Homogeneity: 0.7610475633610618
Contrast: 77.63924623115327
ASM: 0.3384770722330016
Energy: 0.5817878240673326
