Dissimilarity: 3.8115577889447727
Homogeneity: 0.7725760828042796
Contrast: 76.78532663316463
ASM: 0.36093653064314396
Energy: 0.6007799352867437
