Dissimilarity: 3.838341708542741
Homogeneity: 0.7575849219319278
Contrast: 73.19869346733344
ASM: 0.3349797697658863
Energy: 0.578774368615168
