Dissimilarity: 3.897638190954821
Homogeneity: 0.7551165906096813
Contrast: 74.54206030150435
ASM: 0.3251037792605959
Energy: 0.5701787257172929
