Dissimilarity: 3.897336683417117
Homogeneity: 0.7664836056706593
Contrast: 78.60201005024972
ASM: 0.3425683211913624
Energy: 0.5852933633583781
