Dissimilarity: 3.87427135678392
Homogeneity: 0.7668315475777296
Contrast: 77.77110552763668
ASM: 0.34265590073481245
Energy: 0.585368175368983
