Dissimilarity: 3.8696482412060615
Homogeneity: 0.750871756029457
Contrast: 72.91643216080176
ASM: 0.34781922047420644
Energy: 0.5897620032472476
