Dissimilarity: 3.774924623115611
Homogeneity: 0.7642743122918172
Contrast: 73.90311557788829
ASM: 0.36865884668314597
Energy: 0.6071728309823703
