Dissimilarity: 3.775628140703547
Homogeneity: 0.7653003904803719
Contrast: 74.34798994974743
ASM: 0.3521386549581899
Energy: 0.5934127189049708
