Dissimilarity: 4.48492462311557
Homogeneity: 0.7466581090759594
Contrast: 88.6536180904525
ASM: 0.33720698940683036
Energy: 0.580695263806095
