Dissimilarity: 4.514623115577813
Homogeneity: 0.7579058224587836
Contrast: 94.19271356783725
ASM: 0.28385608791443284
Energy: 0.5327814635612175
