Dissimilarity: 4.484924623115632
Homogeneity: 0.7515772765848909
Contrast: 90.23457286432247
ASM: 0.2778506906391291
Energy: 0.5271154433699786
