Dissimilarity: 4.51356783919595
Homogeneity: 0.7488094639781905
Contrast: 92.2799497487419
ASM: 0.330186605451864
Energy: 0.5746186608976983
