Dissimilarity: 4.392261306532677
Homogeneity: 0.7820655849177303
Contrast: 99.99452261306541
ASM: 0.3202762404989751
Energy: 0.5659295366907219
