Dissimilarity: 4.484924623115568
Homogeneity: 0.7669238348817075
Contrast: 95.1076884422107
ASM: 0.29868335395570456
Energy: 0.546519307944106
