Dissimilarity: 4.4500502512562745
Homogeneity: 0.7584731083704472
Contrast: 92.36190954773556
ASM: 0.3227585919547292
Energy: 0.5681184664792451
