Dissimilarity: 4.838090452261224
Homogeneity: 0.7582954165981912
Contrast: 113.8466331658257
ASM: 0.31886660343171147
Energy: 0.5646827458243359
