Dissimilarity: 4.484924623115567
Homogeneity: 0.7749367862666919
Contrast: 99.54537688442122
ASM: 0.34022851569404017
Energy: 0.5832911071618014
