Dissimilarity: 4.5158793969849205
Homogeneity: 0.7659304403801126
Contrast: 99.0908040200998
ASM: 0.2868465067169948
Energy: 0.5355805324290595
