Dissimilarity: 2.5250753768844434
Homogeneity: 0.7775014350436164
Contrast: 31.995025125627517
ASM: 0.3405538742708349
Energy: 0.5835699394852641
