Dissimilarity: 2.3065326633166077
Homogeneity: 0.7151513573755707
Contrast: 19.448894472361854
ASM: 0.2725420295573309
Energy: 0.5220555809081356
