Dissimilarity: 2.4099497487437467
Homogeneity: 0.7548713974148491
Contrast: 25.67884422110514
ASM: 0.30132689073506436
Energy: 0.5489325010737335
