Dissimilarity: 2.406834170854285
Homogeneity: 0.7718416803113215
Contrast: 27.876884422110486
ASM: 0.3470629564278606
Energy: 0.5891204939805273
