Dissimilarity: 2.3065326633165752
Homogeneity: 0.7534104228970898
Contrast: 22.477386934673316
ASM: 0.35639297681876414
Energy: 0.596986580099389
