Dissimilarity: 2.3065326633166214
Homogeneity: 0.6766429471559822
Contrast: 16.859296482412198
ASM: 0.250362113330472
Energy: 0.500361982299287
