Dissimilarity: 2.306532663316578
Homogeneity: 0.7579345756396483
Contrast: 22.694472361808934
ASM: 0.2817488118986869
Energy: 0.530800161924134
