Dissimilarity: 2.306532663316609
Homogeneity: 0.7191672516288046
Contrast: 19.634120603015127
ASM: 0.3086685421453968
Energy: 0.5555794651941312
