Dissimilarity: 2.3065326633165855
Homogeneity: 0.7211902579498928
Contrast: 19.636683417085308
ASM: 0.23858373273401548
Energy: 0.4884503380426873
