Dissimilarity: 2.3065326633166023
Homogeneity: 0.7773671874089663
Contrast: 25.259899497487588
ASM: 0.3156215979394465
Energy: 0.5618020985537937
