Dissimilarity: 2.4407035175879535
Homogeneity: 0.7498751152381766
Contrast: 25.703165829144965
ASM: 0.30008970764624654
Energy: 0.5478044428865528
