Dissimilarity: 2.652512562814094
Homogeneity: 0.7764670349410434
Contrast: 34.386532663316004
ASM: 0.35187159762378195
Energy: 0.5931876580170747
