Dissimilarity: 2.5623115577889815
Homogeneity: 0.7389923815559971
Contrast: 27.091256281406583
ASM: 0.3036056267518335
Energy: 0.5510041984883903
