Dissimilarity: 2.56201005025125
Homogeneity: 0.7631946010554922
Contrast: 30.0776381909547
ASM: 0.33076390684578394
Energy: 0.5751207758773664
