Dissimilarity: 2.650000000000036
Homogeneity: 0.7701145529886185
Contrast: 33.82090452261243
ASM: 0.35939778351554746
Energy: 0.5994979428784952
