Dissimilarity: 2.438793969849279
Homogeneity: 0.7770407795161195
Contrast: 30.25276381909504
ASM: 0.39107987329863625
Energy: 0.6253637927627697
