Dissimilarity: 2.440201005025161
Homogeneity: 0.7870911887468433
Contrast: 31.09211055276357
ASM: 0.4311138124668412
Energy: 0.6565925772249037
