Dissimilarity: 2.5621105527638464
Homogeneity: 0.7572309227114115
Contrast: 29.67301507537686
ASM: 0.33881164459229857
Energy: 0.5820752911714244
