Dissimilarity: 2.562110552763845
Homogeneity: 0.7758041007593288
Contrast: 32.518592964823426
ASM: 0.3683712201080592
Energy: 0.6069359275146424
