Dissimilarity: 2.5279396984925104
Homogeneity: 0.7758095783706357
Contrast: 31.909246231155727
ASM: 0.42914882957499634
Energy: 0.655094519573318
