Dissimilarity: 4.266432160803935
Homogeneity: 0.7635730476086049
Contrast: 95.40090452261018
ASM: 0.3337933666447581
Energy: 0.5777485323605401
