Dissimilarity: 4.205477386934634
Homogeneity: 0.7531489240634807
Contrast: 90.04396984924477
ASM: 0.33429490953509344
Energy: 0.5781824189086809
