Dissimilarity: 3.9937688442210773
Homogeneity: 0.7767126763205767
Contrast: 88.98321608039812
ASM: 0.3363342851190367
Energy: 0.5799433464736333
