Dissimilarity: 4.26748743718586
Homogeneity: 0.7511655151857777
Contrast: 90.7044723618074
ASM: 0.30195610527510286
Energy: 0.5495053277950114
