Dissimilarity: 4.39266331658272
Homogeneity: 0.7487419117650337
Contrast: 96.24110552763271
ASM: 0.31500997481120907
Energy: 0.5612574942138493
