Dissimilarity: 4.208592964824059
Homogeneity: 0.7631692686251206
Contrast: 91.70105527637874
ASM: 0.30504359328044994
Energy: 0.552307516950883
