Dissimilarity: 4.086834170854233
Homogeneity: 0.7631310900596321
Contrast: 87.9933668341678
ASM: 0.3278430282694631
Energy: 0.5725757838657369
