Dissimilarity: 4.236783919597924
Homogeneity: 0.7583166812428903
Contrast: 91.67512562813822
ASM: 0.3160192924420884
Energy: 0.5621559324974597
