Dissimilarity: 4.266733668341646
Homogeneity: 0.7593899560321202
Contrast: 94.21497487436763
ASM: 0.3265705111613071
Energy: 0.5714634819140302
