Dissimilarity: 4.559246231155745
Homogeneity: 0.734273236115087
Contrast: 97.30623115577583
ASM: 0.3184819849877294
Energy: 0.5643420815318749
