Dissimilarity: 2.8122110552763977
Homogeneity: 0.8215837879739522
Contrast: 51.587587939698594
ASM: 0.4987517657382413
Energy: 0.7062235947192937
