Dissimilarity: 2.56170854271358
Homogeneity: 0.837481244690919
Contrast: 43.1458291457288
ASM: 0.4289536681523152
Energy: 0.6549455459443291
