Dissimilarity: 2.5628140703517737
Homogeneity: 0.839336970989619
Contrast: 46.99492462311553
ASM: 0.4640069480568695
Energy: 0.681180554667314
