Dissimilarity: 2.651206030150767
Homogeneity: 0.8484080257513644
Contrast: 52.303919597989776
ASM: 0.4756140495189368
Energy: 0.6896477720684211
