Dissimilarity: 2.916482412060324
Homogeneity: 0.8265968871381402
Contrast: 57.677437185929726
ASM: 0.4641936942880069
Energy: 0.681317616305352
