Dissimilarity: 2.815427135678408
Homogeneity: 0.839791197241867
Contrast: 55.6482412060305
ASM: 0.4566553751799056
Energy: 0.675762809852618
