Dissimilarity: 2.562211055276389
Homogeneity: 0.8344853165819024
Contrast: 42.770854271356725
ASM: 0.42527710379787703
Energy: 0.6521327348001149
