Dissimilarity: 2.5593969849246228
Homogeneity: 0.8452637396175633
Contrast: 47.784824120602984
ASM: 0.45493611840609915
Energy: 0.6744895243116079
