Dissimilarity: 2.306532663316599
Homogeneity: 0.8442472658611629
Contrast: 38.067989949749006
ASM: 0.49944702974672606
Energy: 0.7067156640026638
