Dissimilarity: 2.650150753768885
Homogeneity: 0.8365284376674071
Contrast: 50.131658291456816
ASM: 0.49038698738666264
Energy: 0.7002763650064613
