Dissimilarity: 6.643618090452108
Homogeneity: 0.6873636466946483
Contrast: 168.79130653266006
ASM: 0.24050199205826353
Energy: 0.49041002442676834
