Dissimilarity: 6.917135678391738
Homogeneity: 0.702234781111006
Contrast: 194.96175879396034
ASM: 0.30623731534554594
Energy: 0.5533871297252457
