Dissimilarity: 6.801608040200902
Homogeneity: 0.7013810807913664
Contrast: 183.50125628140458
ASM: 0.2635278004343205
Energy: 0.5133495889102478
