Dissimilarity: 6.743015075376693
Homogeneity: 0.6811407668716812
Contrast: 170.80216080401328
ASM: 0.23427997335923598
Energy: 0.4840247652333876
