Dissimilarity: 6.778643216080367
Homogeneity: 0.6718697683851933
Contrast: 165.36793969848904
ASM: 0.24162271438851152
Energy: 0.4915513344387456
