Dissimilarity: 6.654924623115678
Homogeneity: 0.7076496355905524
Contrast: 177.42628140703772
ASM: 0.257294018143489
Energy: 0.5072415776959623
