Dissimilarity: 6.770150753768674
Homogeneity: 0.6839863733864662
Contrast: 172.4021105527611
ASM: 0.26489975095324286
Energy: 0.5146841273570061
