Dissimilarity: 6.4593969849242825
Homogeneity: 0.7125580586702722
Contrast: 170.9458291457192
ASM: 0.2626531627988883
Energy: 0.512496988087626
