Dissimilarity: 6.7946231155775205
Homogeneity: 0.7056399509258988
Contrast: 190.86758793968784
ASM: 0.29089235341276565
Energy: 0.5393443736730417
