Dissimilarity: 7.118442211055329
Homogeneity: 0.6504202676548962
Contrast: 172.0591959798983
ASM: 0.25275286103885836
Energy: 0.5027453242337102
