Dissimilarity: 5.332261306532614
Homogeneity: 0.6949847115556543
Contrast: 110.6133165829109
ASM: 0.2895404693063075
Energy: 0.5380896480200186
