Dissimilarity: 5.119346733668255
Homogeneity: 0.7241273629679926
Contrast: 111.44954773869105
ASM: 0.31024381739095813
Energy: 0.5569953477282895
