Dissimilarity: 5.122311557788874
Homogeneity: 0.684491621712005
Contrast: 96.96110552763427
ASM: 0.27351701314358484
Energy: 0.5229885401646817
