Dissimilarity: 5.058090452261267
Homogeneity: 0.7290653685611781
Contrast: 110.66944723618003
ASM: 0.35132690430796
Energy: 0.5927283562543301
