Dissimilarity: 5.341055276381879
Homogeneity: 0.701631154736689
Contrast: 112.18663316582614
ASM: 0.296751286268004
Energy: 0.5447488286063624
