Dissimilarity: 5.2944723618089995
Homogeneity: 0.7252311304171823
Contrast: 121.68190954773699
ASM: 0.37303677306126654
Energy: 0.6107673641094999
