Dissimilarity: 5.158442211055256
Homogeneity: 0.6901695391586969
Contrast: 101.25376884421709
ASM: 0.3191354937375067
Energy: 0.564920785365087
