Dissimilarity: 5.090351758794016
Homogeneity: 0.6623959204278718
Contrast: 90.59075376884505
ASM: 0.26527642104997856
Energy: 0.5150499209299799
