Dissimilarity: 5.251959798994947
Homogeneity: 0.7078753898494309
Contrast: 112.60060301507501
ASM: 0.33614224956439465
Energy: 0.5797777587700261
