Dissimilarity: 5.148643216080354
Homogeneity: 0.6902226751142737
Contrast: 101.11276381909146
ASM: 0.3182113175803387
Energy: 0.5641022226337516
