Dissimilarity: 4.352412060301529
Homogeneity: 0.7417168125362665
Contrast: 89.3519597989947
ASM: 0.3346402325698772
Energy: 0.5784809699288967
