Dissimilarity: 4.355577889447198
Homogeneity: 0.7468413968238807
Contrast: 93.08371859296403
ASM: 0.35601441945909124
Energy: 0.5966694390188685
