Dissimilarity: 4.36050251256276
Homogeneity: 0.7472096037423248
Contrast: 93.32437185929501
ASM: 0.3611697005757243
Energy: 0.6009739599813991
