Dissimilarity: 4.3875376884421735
Homogeneity: 0.7311869655699095
Contrast: 87.26663316582895
ASM: 0.3216106806014894
Energy: 0.5671072919664227
