Dissimilarity: 4.382814070351791
Homogeneity: 0.7380576092174902
Contrast: 89.41276381909616
ASM: 0.33014715442792264
Energy: 0.5745843318677621
