Dissimilarity: 4.358442211055315
Homogeneity: 0.7397851614523377
Contrast: 88.98879396984931
ASM: 0.3227169329688613
Energy: 0.5680818013005356
