Dissimilarity: 4.265376884422093
Homogeneity: 0.7484207345004797
Contrast: 87.91688442210996
ASM: 0.3504783114693988
Energy: 0.592012087266298
