Dissimilarity: 4.385929648241195
Homogeneity: 0.7482119354242481
Contrast: 94.18125628140695
ASM: 0.35289529809852604
Energy: 0.5940499121273616
