Dissimilarity: 4.388492462311555
Homogeneity: 0.7485539322902551
Contrast: 94.20819095477358
ASM: 0.3358992392868778
Energy: 0.5795681489582375
