Dissimilarity: 4.318944723618121
Homogeneity: 0.7368904056534998
Contrast: 86.96929648241272
ASM: 0.35610570945177883
Energy: 0.5967459337538705
