Dissimilarity: 3.330854271356835
Homogeneity: 0.7674431765433277
Contrast: 53.59718592964865
ASM: 0.28487421308805594
Energy: 0.5337360893625762
