Dissimilarity: 3.4132663316583445
Homogeneity: 0.7434652387107596
Contrast: 52.94231155778864
ASM: 0.33417244829673926
Energy: 0.5780765073039548
