Dissimilarity: 3.3316582914573147
Homogeneity: 0.7580153847838149
Contrast: 52.51045226130682
ASM: 0.2892192207898737
Energy: 0.5377910568147017
