Dissimilarity: 3.33165829145732
Homogeneity: 0.7524773447000047
Contrast: 51.79005025125723
ASM: 0.3117873317593042
Energy: 0.5583792006865086
