Dissimilarity: 3.55396984924623
Homogeneity: 0.7390003165279782
Contrast: 55.92241206030095
ASM: 0.3476048158505989
Energy: 0.5895802030687588
