Dissimilarity: 3.3313567839196128
Homogeneity: 0.7639142965118493
Contrast: 53.29336683417024
ASM: 0.3316572548672943
Energy: 0.5758969134031665
