Dissimilarity: 3.3308542713568343
Homogeneity: 0.7639404133144825
Contrast: 53.256231155779325
ASM: 0.2866737121537322
Energy: 0.5354191929261896
