Dissimilarity: 3.293618090452276
Homogeneity: 0.7542304443095843
Contrast: 49.004522613063564
ASM: 0.27536546362463576
Energy: 0.5247527642848924
