Dissimilarity: 3.331658291457298
Homogeneity: 0.7563359451792756
Contrast: 52.60577889447217
ASM: 0.3135965714249577
Energy: 0.5599969387639165
