Dissimilarity: 3.33165829145732
Homogeneity: 0.7627206998577005
Contrast: 53.2983919597992
ASM: 0.3253897111184057
Energy: 0.5704294094087415
