Dissimilarity: 4.038592964824133
Homogeneity: 0.752075238053918
Contrast: 81.2192964824126
ASM: 0.37679843943335084
Energy: 0.6138390989773711
