Dissimilarity: 4.003668341708605
Homogeneity: 0.7490139136338975
Contrast: 79.08442211055356
ASM: 0.37339873645867744
Energy: 0.6110636108120638
