Dissimilarity: 3.853618090452259
Homogeneity: 0.7617154055754194
Contrast: 76.8342211055271
ASM: 0.403490969609343
Energy: 0.6352093903661555
