Dissimilarity: 4.0048743718593185
Homogeneity: 0.7534881364656536
Contrast: 80.22407035175942
ASM: 0.3753285305295348
Energy: 0.6126406210247038
