Dissimilarity: 3.98015075376889
Homogeneity: 0.7590167510859972
Contrast: 80.60668341708643
ASM: 0.37695605287745526
Energy: 0.6139674689081297
