Dissimilarity: 3.956834170854288
Homogeneity: 0.7562389757466756
Contrast: 79.09959798994991
ASM: 0.3849502493623883
Energy: 0.6204435907980582
