Dissimilarity: 4.002462311557843
Homogeneity: 0.7524243117646496
Contrast: 79.83768844221132
ASM: 0.3853441027373044
Energy: 0.6207609062572356
