Dissimilarity: 4.009648241206031
Homogeneity: 0.7619960552592768
Contrast: 84.19517587939583
ASM: 0.39052098337161256
Energy: 0.6249167811569893
