Dissimilarity: 4.004974874371927
Homogeneity: 0.7535125037617028
Contrast: 80.22603015075454
ASM: 0.37311433833741886
Energy: 0.6108308590251632
