Dissimilarity: 4.002462311557829
Homogeneity: 0.7604635250477476
Contrast: 81.74663316582935
ASM: 0.3786130659579286
Energy: 0.6153154198928616
