Dissimilarity: 4.355276381909513
Homogeneity: 0.7078097025159237
Contrast: 78.51236180904213
ASM: 0.23566722715333965
Energy: 0.48545569020595447
