Dissimilarity: 4.48095477386931
Homogeneity: 0.735152676212538
Contrast: 92.35060301507377
ASM: 0.32434378677304637
Energy: 0.5695118846635655
