Dissimilarity: 4.393768844221079
Homogeneity: 0.7547769850993851
Contrast: 97.4180402010019
ASM: 0.3303407088835912
Energy: 0.5747527371692902
