Dissimilarity: 4.355276381909501
Homogeneity: 0.709457136808741
Contrast: 78.88391959798822
ASM: 0.23851020807553938
Energy: 0.4883750690560887
