Dissimilarity: 4.481105527638077
Homogeneity: 0.7116186997364944
Contrast: 82.6613567839155
ASM: 0.26182432451198046
Energy: 0.5116877216740504
