Dissimilarity: 4.390904522613081
Homogeneity: 0.7334958786166716
Contrast: 88.43090452260952
ASM: 0.3057498904699121
Energy: 0.5529465529957774
