Dissimilarity: 4.392261306532619
Homogeneity: 0.7383276939616281
Contrast: 89.96356783919461
ASM: 0.32016023679956335
Energy: 0.5658270378831002
