Dissimilarity: 4.483417085427108
Homogeneity: 0.7036079107338492
Contrast: 81.59175879396886
ASM: 0.26399203239815944
Energy: 0.5138015496260784
