Dissimilarity: 4.3567839195979845
Homogeneity: 0.7177374982768367
Contrast: 80.30663316582779
ASM: 0.24610231433548
Energy: 0.49608700278830126
