Dissimilarity: 4.226733668341708
Homogeneity: 0.7168161811709557
Contrast: 74.53030150753756
ASM: 0.22898034329940833
Energy: 0.47851890589548113
