Dissimilarity: 2.847336683417098
Homogeneity: 0.7522861892208252
Contrast: 40.541105527637896
ASM: 0.334019615666252
Energy: 0.5779443015258927
