Dissimilarity: 2.794271356783949
Homogeneity: 0.7559430223496377
Contrast: 39.01542713567789
ASM: 0.3366293682608821
Energy: 0.5801976975659953
