Dissimilarity: 2.989246231155795
Homogeneity: 0.7271553951214301
Contrast: 39.337788944723414
ASM: 0.2485463539430691
Energy: 0.4985442346904326
