Dissimilarity: 3.1344723618090478
Homogeneity: 0.7139865452273675
Contrast: 41.220603015075085
ASM: 0.30205957204362044
Energy: 0.5495994651049257
