Dissimilarity: 2.8753266331658436
Homogeneity: 0.7420672524022883
Contrast: 39.30964824120547
ASM: 0.2978707968232959
Energy: 0.5457754087747962
