Dissimilarity: 3.015376884422093
Homogeneity: 0.723783085250089
Contrast: 40.55417085427078
ASM: 0.2687702624302275
Energy: 0.5184305762879226
