Dissimilarity: 3.076482412060317
Homogeneity: 0.7444525441341483
Contrast: 45.48281407035137
ASM: 0.30014764778665654
Energy: 0.5478573242977195
