Dissimilarity: 2.9850251256281584
Homogeneity: 0.7353875617421994
Contrast: 41.207889447235594
ASM: 0.28026414358221585
Energy: 0.5293997956008444
