Dissimilarity: 3.2280402010050198
Homogeneity: 0.729863344554884
Contrast: 47.38442211055248
ASM: 0.2877623147142628
Energy: 0.5364348187005228
