Dissimilarity: 3.0134673366834055
Homogeneity: 0.7269088890126703
Contrast: 40.861155778893874
ASM: 0.271502650816886
Energy: 0.5210591624920207
