Dissimilarity: 2.654623115577932
Homogeneity: 0.8442671764412752
Contrast: 51.63793969849293
ASM: 0.5223605527638202
Energy: 0.7227451506332092
