Dissimilarity: 2.5280904522613366
Homogeneity: 0.8286171040229392
Contrast: 41.25964824120613
ASM: 0.4841200200121175
Energy: 0.6957873382091093
