Dissimilarity: 2.8019095477387124
Homogeneity: 0.8454503310806188
Contrast: 58.23844221105529
ASM: 0.43803453069366277
Energy: 0.6618417716445999
