Dissimilarity: 2.8033165829145856
Homogeneity: 0.8385533003292435
Contrast: 57.128592964824385
ASM: 0.4884688751546592
Energy: 0.6989054837062442
