Dissimilarity: 2.6851256281407276
Homogeneity: 0.8535545672595075
Contrast: 54.24341708542749
ASM: 0.47027047170526215
Energy: 0.6857626934335683
