Dissimilarity: 2.813668341708572
Homogeneity: 0.8439564680498078
Contrast: 58.359195979899795
ASM: 0.4784104751142666
Energy: 0.6916722309839153
