Dissimilarity: 2.803015075376887
Homogeneity: 0.835659193914997
Contrast: 54.684522613065106
ASM: 0.4228381410822829
Energy: 0.6502600565022296
