Dissimilarity: 2.8030150753768814
Homogeneity: 0.8377756871052033
Contrast: 55.09954773869332
ASM: 0.42984868122016145
Energy: 0.6556284627898346
