Dissimilarity: 2.9212060301507554
Homogeneity: 0.833063125073841
Contrast: 59.537738693466764
ASM: 0.4437023137041832
Energy: 0.6661098360662325
