Dissimilarity: 2.6851256281407263
Homogeneity: 0.84859956841763
Contrast: 53.34492462311608
ASM: 0.4549079227797308
Energy: 0.6744686225316422
