Dissimilarity: 4.469899497487442
Homogeneity: 0.7499479613052338
Contrast: 91.34226130653055
ASM: 0.3581069890911627
Energy: 0.5984204116598654
