Dissimilarity: 2.306532663316607
Homogeneity: 0.7802416232070635
Contrast: 26.626984924623496
ASM: 0.3624701465872139
Energy: 0.6020549365192631
