Dissimilarity: 2.3172864321608295
Homogeneity: 0.7572453827155899
Contrast: 24.099949748743256
ASM: 0.3230684979545796
Energy: 0.5683911487299741
