Dissimilarity: 4.506884422110536
Homogeneity: 0.7518507137360985
Contrast: 92.68939698492369
ASM: 0.36061861632280323
Energy: 0.6005152923305145
