Dissimilarity: 4.479497487437182
Homogeneity: 0.740223199481774
Contrast: 87.92708542713625
ASM: 0.34459514658719925
Energy: 0.5870222709465113
