Dissimilarity: 4.50688442211054
Homogeneity: 0.7450537724053607
Contrast: 91.36226130653127
ASM: 0.36360947387690346
Energy: 0.6030003929326277
