Dissimilarity: 4.481105527638148
Homogeneity: 0.7379803285758452
Contrast: 87.58919597989764
ASM: 0.3485245265270874
Energy: 0.5903596586209862
