Dissimilarity: 4.449447236180895
Homogeneity: 0.7563478535594801
Contrast: 91.91718592964634
ASM: 0.36052599366175536
Energy: 0.6004381680587564
