Dissimilarity: 2.2920100502512892
Homogeneity: 0.6662909429131644
Contrast: 16.43743718592966
ASM: 0.2727263670740574
Energy: 0.522232100769435
