Dissimilarity: 4.4274874371859605
Homogeneity: 0.7504959828955912
Contrast: 87.6913065326628
ASM: 0.3823077876821141
Energy: 0.618310429866838
