Dissimilarity: 4.004572864321646
Homogeneity: 0.7411079143047286
Contrast: 73.57075376884325
ASM: 0.4202432634276711
Energy: 0.6482617244814559
