Dissimilarity: 3.8341708542713935
Homogeneity: 0.7504315847372318
Contrast: 70.25748743718628
ASM: 0.39240447179363164
Energy: 0.6264219598590327
