Dissimilarity: 3.8770351758794424
Homogeneity: 0.7624993731108827
Contrast: 75.12045226130557
ASM: 0.4384656744778969
Energy: 0.662167406686479
