Dissimilarity: 3.8791457286432713
Homogeneity: 0.7533393580278334
Contrast: 73.40206030150664
ASM: 0.42551453119868515
Energy: 0.6523147485675034
