Dissimilarity: 3.8197989949748976
Homogeneity: 0.7613691959195622
Contrast: 73.27155778894479
ASM: 0.4029400883184704
Energy: 0.6347756204506206
