Dissimilarity: 3.8762814070352323
Homogeneity: 0.7580640233740349
Contrast: 74.28291457286382
ASM: 0.4411538973131809
Energy: 0.6641941713935624
