Dissimilarity: 3.903115577889473
Homogeneity: 0.7444453042475314
Contrast: 71.16597989949481
ASM: 0.37327377117999566
Energy: 0.6109613499886843
