Dissimilarity: 3.8862814070352014
Homogeneity: 0.7450176286713428
Contrast: 70.70336683417013
ASM: 0.40561227241734515
Energy: 0.6368769680380546
