Dissimilarity: 3.880100502512602
Homogeneity: 0.757789507913261
Contrast: 74.3411055276375
ASM: 0.43499492815836094
Energy: 0.6595414529492145
