Dissimilarity: 3.9583417085427497
Homogeneity: 0.7414312935921962
Contrast: 72.3942211055284
ASM: 0.39682578280850683
Energy: 0.6299410947132333
