Dissimilarity: 6.498643216080384
Homogeneity: 0.7023128683799856
Contrast: 169.75276381909612
ASM: 0.30034177325067574
Energy: 0.5480344635610754
