Dissimilarity: 6.348743718592991
Homogeneity: 0.7034274932936617
Contrast: 165.49929648241266
ASM: 0.30347996073331696
Energy: 0.5508901530553227
