Dissimilarity: 6.50472361809031
Homogeneity: 0.6873577584974855
Contrast: 163.0197989949733
ASM: 0.2910881887452204
Energy: 0.5395258925623685
