Dissimilarity: 6.377135678391985
Homogeneity: 0.7045642968239599
Contrast: 165.57979899497585
ASM: 0.3072683309764929
Energy: 0.5543178970378757
