Dissimilarity: 6.373065326633008
Homogeneity: 0.6926548064423197
Contrast: 159.33678391959612
ASM: 0.2898193533622754
Energy: 0.5383487283929214
