Dissimilarity: 6.3740703517586494
Homogeneity: 0.6920809791794236
Contrast: 159.33572864321425
ASM: 0.2928101010706671
Energy: 0.5411193039161207
