Dissimilarity: 6.24376884422102
Homogeneity: 0.6879577631207728
Contrast: 149.37849246230942
ASM: 0.28353945702127975
Energy: 0.5324842317113998
