Dissimilarity: 6.28638190954754
Homogeneity: 0.7116512171685321
Contrast: 163.96829145727867
ASM: 0.31614442911792545
Energy: 0.5622672221621365
