Dissimilarity: 6.304020100502242
Homogeneity: 0.6969136490302605
Contrast: 157.61155778893473
ASM: 0.31725539222491117
Energy: 0.5632542873559963
