Dissimilarity: 6.184472361808768
Homogeneity: 0.6968509974139165
Contrast: 153.0021608040101
ASM: 0.31536966143528683
Energy: 0.5615778320369197
