Dissimilarity: 3.9753768844220696
Homogeneity: 0.7674606782423166
Contrast: 85.42628140703394
ASM: 0.37369056431653636
Energy: 0.6113023509823403
