Dissimilarity: 4.235276381909503
Homogeneity: 0.7453511226474596
Contrast: 89.15517587939559
ASM: 0.3895397827706207
Energy: 0.6241312223968776
