Dissimilarity: 3.864271356783938
Homogeneity: 0.7597578657649211
Contrast: 78.59633165829034
ASM: 0.369234119087883
Energy: 0.6076463766763388
