Dissimilarity: 3.802160804020159
Homogeneity: 0.7570408274047816
Contrast: 74.24768844221116
ASM: 0.41829427508143063
Energy: 0.6467567356289616
