Dissimilarity: 3.8293467336683475
Homogeneity: 0.7609748854473967
Contrast: 77.52919597989911
ASM: 0.39888503194362185
Energy: 0.6315734572823828
