Dissimilarity: 4.092211055276348
Homogeneity: 0.7494331026512937
Contrast: 84.7921105527628
ASM: 0.3893280340142699
Energy: 0.6239615645328404
