Dissimilarity: 3.854974874371793
Homogeneity: 0.7665312241172577
Contrast: 80.55311557788806
ASM: 0.37776536230143803
Energy: 0.614626197213752
