Dissimilarity: 3.896884422110561
Homogeneity: 0.7573945865991544
Contrast: 79.1681909547729
ASM: 0.35392990044441663
Energy: 0.5949200790395435
