Dissimilarity: 3.8954271356783923
Homogeneity: 0.7578225455883432
Contrast: 79.15135678391883
ASM: 0.3567898370621783
Energy: 0.5973188738539729
