Dissimilarity: 3.889497487437189
Homogeneity: 0.7576641753252499
Contrast: 79.07407035175764
ASM: 0.3665507455619625
Energy: 0.6054343445510525
