Dissimilarity: 3.3320100502513217
Homogeneity: 0.7850269072524217
Contrast: 62.65969849246208
ASM: 0.4366725641397712
Energy: 0.6608120490273851
