Dissimilarity: 3.313969849246238
Homogeneity: 0.7873971669683328
Contrast: 62.5710552763824
ASM: 0.45329218296254786
Energy: 0.6732697698267374
