Dissimilarity: 3.252211055276443
Homogeneity: 0.7875739832271808
Contrast: 60.596783919595794
ASM: 0.42962727803588013
Energy: 0.6554595929848613
