Dissimilarity: 3.449849246231147
Homogeneity: 0.787501885032521
Contrast: 68.2938190954773
ASM: 0.435723616827858
Energy: 0.6600936424688985
