Dissimilarity: 3.32301507537687
Homogeneity: 0.7575681903665118
Contrast: 55.445125628140495
ASM: 0.4149586550844654
Energy: 0.64417284565904
