Dissimilarity: 3.339246231155832
Homogeneity: 0.779967507983135
Contrast: 61.867839195979606
ASM: 0.4270752900810353
Energy: 0.6535099770325127
