Dissimilarity: 3.286030150753785
Homogeneity: 0.7687040699277623
Contrast: 56.050502512562524
ASM: 0.4094118598646298
Energy: 0.6398529986368977
