Dissimilarity: 3.3230150753768575
Homogeneity: 0.759263097352499
Contrast: 55.865226130653156
ASM: 0.4187156290245158
Energy: 0.6470823973996788
