Dissimilarity: 3.3249246231156233
Homogeneity: 0.7781725568629725
Contrast: 59.972964824121156
ASM: 0.41126487967475095
Energy: 0.6412993682163978
