Dissimilarity: 3.325427135678379
Homogeneity: 0.7568472524899402
Contrast: 55.47778894472338
ASM: 0.4145730985328632
Energy: 0.6438735112837484
