Dissimilarity: 2.68587939698492
Homogeneity: 0.7962817153768241
Contrast: 43.575376884422155
ASM: 0.3390572403474651
Energy: 0.5822862185793728
