Dissimilarity: 2.690954773869373
Homogeneity: 0.7997168193368855
Contrast: 45.03864321608083
ASM: 0.3465171902224664
Energy: 0.5886571075103625
