Dissimilarity: 2.8096482412060113
Homogeneity: 0.7761096689463101
Contrast: 43.992261306532434
ASM: 0.3228465234463731
Energy: 0.5681958495504636
