Dissimilarity: 2.768994974874368
Homogeneity: 0.7821354487055276
Contrast: 43.551457286431805
ASM: 0.33115617471779557
Energy: 0.5754617056918693
