Dissimilarity: 2.9209547738693487
Homogeneity: 0.7719001948461635
Contrast: 46.38422110552777
ASM: 0.31110020359333374
Energy: 0.5577635732040357
