Dissimilarity: 2.779346733668333
Homogeneity: 0.7767432146825559
Contrast: 43.166683417085515
ASM: 0.3107872036059684
Energy: 0.5574829177705524
