Dissimilarity: 2.928140703517612
Homogeneity: 0.7840428884720374
Contrast: 49.090804020098744
ASM: 0.32677567106888655
Energy: 0.5716429576832786
