Dissimilarity: 2.5584422110552993
Homogeneity: 0.7888642088569326
Contrast: 37.9503517587934
ASM: 0.39535249709601505
Energy: 0.628770623594976
