Dissimilarity: 2.804623115577869
Homogeneity: 0.7689876173008272
Contrast: 41.716482412059996
ASM: 0.30442233055982987
Energy: 0.5517448056482542
