Dissimilarity: 2.560251256281398
Homogeneity: 0.7977143699099418
Contrast: 40.24557788944709
ASM: 0.3424997986161952
Energy: 0.5852348234821602
